{
 "cells": [
  {
   "cell_type": "code",
   "execution_count": 11,
   "id": "18181457",
   "metadata": {},
   "outputs": [
    {
     "data": {
      "text/plain": [
       "array([[ 0.3980133 ,  0.27619663, -0.72232737,  1.16992232, -0.23262888],\n",
       "       [ 0.19218675,  0.12097055, -0.22734517, -1.04868168,  0.44184943],\n",
       "       [ 1.52584282,  0.61843639, -0.68072534, -0.6581828 , -0.1038144 ],\n",
       "       [ 1.5570781 ,  0.03965957,  1.14519641,  0.10119659, -0.25208261]])"
      ]
     },
     "execution_count": 11,
     "metadata": {},
     "output_type": "execute_result"
    }
   ],
   "source": [
    "import numpy as np\n",
    "from scipy import linalg\n",
    "\n",
    "A = np.random.randn(4,5) \n",
    "\n",
    "A"
   ]
  },
  {
   "cell_type": "code",
   "execution_count": 12,
   "id": "7a95e4ad",
   "metadata": {},
   "outputs": [],
   "source": [
    "U, S, Vt = linalg.svd(A)"
   ]
  },
  {
   "cell_type": "code",
   "execution_count": 13,
   "id": "6f72e45f",
   "metadata": {},
   "outputs": [
    {
     "data": {
      "text/plain": [
       "array([[ 0.05834263, -0.64997604, -0.59054692,  0.47474374],\n",
       "       [ 0.16208752,  0.63468258, -0.07840165,  0.75150438],\n",
       "       [ 0.71368808,  0.23671483, -0.51792646, -0.40788185],\n",
       "       [ 0.67895   , -0.34449276,  0.61388899,  0.20854721]])"
      ]
     },
     "execution_count": 13,
     "metadata": {},
     "output_type": "execute_result"
    }
   ],
   "source": [
    "U"
   ]
  },
  {
   "cell_type": "code",
   "execution_count": 14,
   "id": "074ba92b",
   "metadata": {},
   "outputs": [
    {
     "data": {
      "text/plain": [
       "array([2.33010727, 1.73460447, 1.58711242, 0.22290555])"
      ]
     },
     "execution_count": 14,
     "metadata": {},
     "output_type": "execute_result"
    }
   ],
   "source": [
    "S"
   ]
  },
  {
   "cell_type": "code",
   "execution_count": 15,
   "id": "32b2903d",
   "metadata": {},
   "outputs": [
    {
     "data": {
      "text/plain": [
       "array([[ 0.94438838,  0.21630738,  0.09128904, -0.21576331, -0.08033815],\n",
       "       [-0.17983007,  0.01728771, -0.1328523 , -0.93200763,  0.28473555],\n",
       "       [-0.05325052, -0.29522128,  0.94510103, -0.12958244,  0.00110517],\n",
       "       [ 0.16035591, -0.0984523 ,  0.0121654 ,  0.25521798,  0.94831899],\n",
       "       [ 0.21735249, -0.92523716, -0.28399407, -0.05366708, -0.11472276]])"
      ]
     },
     "execution_count": 15,
     "metadata": {},
     "output_type": "execute_result"
    }
   ],
   "source": [
    "Vt"
   ]
  },
  {
   "cell_type": "code",
   "execution_count": 9,
   "id": "a16eaaeb",
   "metadata": {},
   "outputs": [
    {
     "name": "stdout",
     "output_type": "stream",
     "text": [
      "Original Matrix A:\n",
      " [[160  55  25]\n",
      " [165  60  30]\n",
      " [170  65  35]\n",
      " [175  70  40]\n",
      " [180  75  45]]\n",
      "\n",
      "Singular Value Decomposition:\n",
      "Singular Values:\n",
      " [4.15067759e+02 1.47903913e+01 1.75529724e-06]\n",
      "U:\n",
      " [[-4.11380061e-01 -6.56328001e-01 -6.32455532e-01]\n",
      " [-4.28951368e-01 -3.40588791e-01  6.32455532e-01]\n",
      " [-4.46522674e-01 -2.48495798e-02  3.16227766e-01]\n",
      " [-4.64093980e-01  2.90889631e-01 -2.97154604e-14]\n",
      " [-4.81665287e-01  6.06628842e-01 -3.16227766e-01]]\n",
      "V^T:\n",
      " [[-0.91653189 -0.35174603 -0.19037863]\n",
      " [-0.36071948  0.52134166  0.77335912]\n",
      " [ 0.17277369 -0.77748158  0.6047079 ]]\n",
      "\n",
      "Reconstructed Matrix from U, S, and V^T:\n",
      " [[159.91289175  56.53222225 -21.95392679]\n",
      " [164.95479653  61.59766992 -26.84477908]\n",
      " [169.99670183  66.66311545 -31.73563304]\n",
      " [175.03860714  71.72856097 -36.626487  ]\n",
      " [180.08051245  76.7940065  -41.51734096]]\n"
     ]
    }
   ],
   "source": [
    "import numpy as np\n",
    "\n",
    "class SVD:\n",
    "    def __init__(self, A):\n",
    "        self.A = A\n",
    "        self.U, self.S, self.VT, _ = self._svd()\n",
    "\n",
    "    def _svd(self):\n",
    "        ATA = np.dot(self.A.T, self.A)\n",
    "        AAT = np.dot(self.A, self.A.T)\n",
    "\n",
    "        _, VT = np.linalg.eig(ATA)\n",
    "        _, U = np.linalg.eig(AAT)\n",
    "\n",
    "        singular_values_indices = np.argsort(np.abs(np.linalg.eigvals(ATA)))[::-1]\n",
    "        singular_values = np.sqrt(np.abs(np.linalg.eigvals(ATA[singular_values_indices])))\n",
    "        U = U[:, singular_values_indices]\n",
    "        VT = VT[:, singular_values_indices]\n",
    "\n",
    "        S = np.diag(singular_values)\n",
    "\n",
    "        reconstructed_A = U.dot(S).dot(VT.T)\n",
    "\n",
    "        return U, S, VT.T, reconstructed_A\n",
    "\n",
    "    def get_singular_values(self):\n",
    "        return np.diag(self.S)\n",
    "\n",
    "    def get_singular_vectors(self):\n",
    "        return self.U, self.VT\n",
    "\n",
    "    def reconstruct_original_matrix(self):\n",
    "        return self.U.dot(self.S).dot(self.VT.T)\n",
    "\n",
    "A = np.array([[160, 55, 25],\n",
    "              [165, 60, 30],\n",
    "              [170, 65, 35],\n",
    "              [175, 70, 40],\n",
    "              [180, 75, 45]])\n",
    "\n",
    "svd_instance = SVD(A)\n",
    "\n",
    "singular_values = svd_instance.get_singular_values()\n",
    "U, VT = svd_instance.get_singular_vectors()\n",
    "reconstructed_A = svd_instance.reconstruct_original_matrix()\n",
    "\n",
    "print(\"Original Matrix A:\\n\", A)\n",
    "print(\"\\nSingular Value Decomposition:\")\n",
    "print(\"Singular Values:\\n\", singular_values)\n",
    "print(\"U:\\n\", U)\n",
    "print(\"V^T:\\n\", VT)\n",
    "print(\"\\nReconstructed Matrix from U, S, and V^T:\\n\", reconstructed_A)"
   ]
  },
  {
   "cell_type": "code",
   "execution_count": null,
   "id": "0964f524",
   "metadata": {},
   "outputs": [],
   "source": []
  }
 ],
 "metadata": {
  "kernelspec": {
   "display_name": "Python 3 (ipykernel)",
   "language": "python",
   "name": "python3"
  },
  "language_info": {
   "codemirror_mode": {
    "name": "ipython",
    "version": 3
   },
   "file_extension": ".py",
   "mimetype": "text/x-python",
   "name": "python",
   "nbconvert_exporter": "python",
   "pygments_lexer": "ipython3",
   "version": "3.8.4"
  }
 },
 "nbformat": 4,
 "nbformat_minor": 5
}
